   4.3172515e-01
  -6.4710157e-01
   5.7492321e-01
  -6.1025064e-02
   6.0783997e-01
   1.6150247e-01
  -1.9172525e-01
  -2.3251644e+00
   1.3572737e+00
  -2.3053588e+00
   2.0917070e+00
  -3.0637730e+00
   3.1834234e+00
  -3.4121082e+00
   2.0052648e+00
  -1.6280934e+00
   3.7609377e+00
  -3.3141916e+00
   4.5748798e+00
  -2.7912612e+00
   1.8751581e+00
  -1.0107513e+00
   1.2897400e+00
  -1.4180337e+00
   6.5883322e-01
  -2.8062238e+00
   1.4399692e+00
  -1.0311016e+00
   1.2120656e+00
  -1.2472995e+00
   2.0523435e+00
  -1.7967636e+00
   2.1299315e+00
  -2.7617615e+00
   1.8268215e+00
  -1.4556427e+00
   1.9970869e+00
  -1.3965457e+00
   1.6405437e+00
   1.6862434e-02
   1.7279180e+00
  -1.4220232e+00
   1.4640046e+00
   3.8873184e-01
   4.1181691e-01
  -5.7788344e-02
   1.5712795e+00
   8.9059941e-02
  -2.3021116e-01
   1.4562156e-01
  -1.2659469e+00
   4.2796398e-01
   3.0490405e-01
  -1.3121572e+00
   1.7691634e+00
  -1.6624786e+00
   6.6456207e-01
  -1.5654435e+00
  -1.1476487e+00
   9.9395838e-03
  -1.5013101e+00
  -9.2553189e-01
   7.3834722e-03
  -8.6884847e-01
   3.7370337e-02
  -1.5513048e-01
   2.5315456e-01
  -5.2320233e-01
   5.2261360e-02
  -5.8091783e-01
   4.9757572e-02
  -1.1346282e+00
  -7.2522787e-01
  -1.1030633e+00
   8.6182601e-01
  -7.5638970e-01
   1.5366063e+00
   1.8476608e-01
  -3.9510558e-01
  -8.0369158e-01
  -1.5773236e+00
   3.3644403e-01
   4.9879013e-02
   1.5741984e+00
  -6.9606257e-01
   3.5549986e-01
  -1.6627521e-01
  -6.3200100e-01
   3.5671356e-01
  -4.4880555e-01
  -9.0704368e-01
  -1.7547268e-02
   1.9920232e-01
   1.3198016e+00
  -4.9857794e-02
   2.3633874e+00
  -1.8902725e+00
   1.8392408e+00
  -1.6535729e+00
   1.5260746e+00
  -2.3354146e+00
   1.5221197e+00
  -1.7770431e+00
   9.7189539e-01
  -1.3833125e+00
   7.2495157e-01
  -7.6862830e-01
   1.8976865e+00
  -1.5585059e+00
   1.3432234e+00
  -2.7861049e+00
   1.9820912e+00
  -1.7461255e+00
   8.2068615e-01
  -5.6398389e-01
   2.4152909e-01
  -5.6142502e-01
  -7.7609394e-01
   1.0969171e+00
  -1.7035686e+00
   1.2886594e+00
  -1.0364744e+00
   1.6232741e+00
  -3.8349911e-01
  -6.7652710e-01
   1.5137352e+00
  -3.8640612e-01
  -3.0223108e-01
  -9.5449538e-01
  -2.2909116e-02
  -8.1072971e-01
   1.3639935e+00
   9.3427538e-02
   5.7378081e-01
   7.6749911e-01
  -1.0179096e-01
   1.6077568e+00
   3.8420737e-01
  -9.7853034e-01
   1.4408180e+00
  -6.4600111e-01
   5.3548346e-01
   3.7934568e-01
  -4.7911435e-01
  -2.1248532e-01
   5.2897432e-01
  -4.3417689e-01
   4.7136650e-01
   7.8133219e-01
  -7.4480301e-01
   8.4851027e-01
   1.1998551e-01
  -9.7070708e-01
   6.2423977e-01
  -7.7296066e-01
   1.0310260e+00
  -4.8534347e-01
   5.8110624e-01
  -1.2575434e+00
   1.7264774e+00
   2.5237909e-01
   8.8409481e-01
   4.7893412e-01
   7.3996487e-02
  -2.8774519e-01
   3.4668478e-01
  -1.8123732e+00
   2.6694497e+00
  -9.4791775e-01
  -5.5798603e-01
  -1.3181781e+00
   1.0670731e+00
  -1.0899779e+00
   8.3466830e-01
  -2.3464631e+00
   1.5491301e+00
  -1.2979591e+00
   1.7488278e+00
  -2.7364981e+00
   2.9131794e+00
  -3.3391452e+00
   2.6040677e+00
  -7.9045381e-01
   2.5059561e+00
  -1.1019049e+00
   2.3646622e+00
  -2.6654547e+00
   2.8661932e+00
  -1.3190928e+00
   4.9024166e-01
  -5.0183838e-01
   3.2563481e+00
  -8.1693772e-01
   2.6302585e+00
  -9.5315923e-01
   1.0782817e-01
  -2.2387695e+00
   1.0715422e+00
  -2.2231739e+00
  -1.1486018e-02
  -7.9983826e-01
   8.2849393e-01
   1.5987951e+00
  -1.0104299e+00
   1.0753406e+00
   1.7673357e+00
  -1.5982349e+00
   1.5824223e+00
  -1.5372805e+00
   2.5608507e+00
  -1.6299080e+00
   2.8546459e+00
  -1.5045161e+00
   2.3665683e+00
  -3.3069741e+00
   1.6299721e+00
  -3.1302928e+00
   5.4257343e-01
  -2.9893543e-01
   1.3561159e+00
  -9.0477754e-01
  -1.3117169e-01
   8.3855565e-01
   1.3660296e+00
   2.7196430e-01
  -5.4832538e-01
  -9.3561095e-02
   5.8549262e-01
  -2.5858670e-01
   1.3313777e+00
  -1.7251795e+00
   2.7981690e+00
  -2.2045189e+00
   1.2304103e+00
  -2.4515164e+00
   2.4506539e+00
  -2.2969582e+00
   1.6094868e+00
  -1.8711260e+00
   3.7867666e-01
  -1.4590741e+00
   7.2395146e-01
   1.3697258e+00
  -8.4430821e-01
   1.6317579e+00
  -2.0111993e+00
   2.3682400e+00
  -8.9148163e-01
   1.8717344e+00
  -8.3170941e-01
  -8.4782589e-01
   3.2803692e-02
   3.3064038e-01
  -1.9647686e+00
   6.6266382e-01
   2.7678443e-01
   9.4170218e-02
   1.3922597e+00
  -1.0062072e+00
   2.1594558e+00
  -1.2217886e+00
   1.9369880e+00
  -2.7767636e+00
   4.8994925e-01
  -5.8965261e-01
   8.3101641e-02
  -2.0436274e+00
   5.9367813e-01
  -1.2654776e+00
  -4.3927463e-02
  -1.6045020e+00
   1.0108382e+00
  -6.5113747e-01
  -1.7366999e-01
   1.2152382e+00
  -1.1471287e+00
  -1.0425619e+00
   2.0004552e-01
   4.0082716e-01
  -2.0379251e+00
   3.0167245e+00
  -2.4104079e+00
   1.2873397e+00
  -1.0830871e+00
   3.8824835e-01
   4.3068659e-01
   1.2290350e+00
  -4.7926560e-02
   3.8716362e-01
  -1.9112886e+00
   3.0800030e-01
  -7.0557319e-01
  -1.5530316e+00
  -4.8909101e-01
  -7.1859573e-02
  -1.3427032e+00
  -1.2143750e-01
  -4.0832003e-02
   1.7341374e-01
   1.9615814e-02
   2.4831094e+00
  -5.6507376e-01
   3.4793971e-01
  -2.9496332e-01
   1.4123475e+00
   1.0140599e+00
   6.0129548e-01
  -7.7446673e-01
   1.2531718e+00
  -2.9059312e-01
   1.0465225e+00
  -6.6411776e-01
   4.2814860e-01
  -3.1636045e-01
  -3.1221990e-01
   6.5558058e-01
  -4.7214274e-01
   1.7644036e+00
  -2.7820507e-01
   8.9475962e-01
   8.0066203e-01
   7.3640581e-01
   2.1204346e-01
  -7.9569796e-01
   1.7940512e+00
  -1.2620641e+00
   8.1764825e-01
  -7.5730044e-01
   1.6922667e+00
  -9.5474869e-01
  -1.5153518e-01
  -4.9150581e-01
  -6.0591753e-01
  -1.1629412e-01
  -1.3749522e+00
   1.0083597e+00
  -1.2614579e+00
   4.9379645e-02
  -9.8438078e-01
   1.7774451e+00
  -2.3791121e+00
   2.2088358e+00
  -1.6492027e+00
   2.9362990e-01
  -6.0150478e-01
  -5.3650245e-01
   9.2367905e-01
  -7.1512464e-02
   1.9583934e-01
  -1.1085793e+00
   9.3167363e-02
  -8.7729054e-01
   8.1199409e-01
   5.7705226e-01
   7.1375573e-01
  -6.2887077e-01
  -1.3544239e+00
  -2.4733851e-01
   7.0009727e-02
  -1.1703303e+00
   6.0100435e-01
   8.2101850e-01
   1.3952583e+00
  -2.7550605e-01
   2.3261356e+00
  -6.7589338e-01
   1.7447244e+00
  -5.1857034e-01
   2.8966000e-01
  -1.0438332e-01
   6.5683113e-01
   8.2579724e-01
  -2.7872000e+00
   7.8734857e-01
   1.5682565e-01
   8.0971796e-01
  -1.4000531e-01
   8.3550390e-01
   7.2352617e-01
  -1.0563982e+00
   1.1562903e+00
  -2.7760102e+00
   1.8669773e+00
  -1.6701255e+00
   2.6551401e+00
  -2.5633452e+00
   2.6236431e+00
  -1.1250179e+00
   6.4289547e-01
  -3.4732537e-01
   4.1529341e-01
  -4.8566792e-01
  -1.3083333e-01
  -7.4258649e-01
  -8.3592266e-01
  -2.6812694e-01
  -1.0467517e+00
   3.9678198e-01
   1.0526188e+00
  -7.0354450e-01
   1.6391968e+00
  -5.4269047e-01
   2.1136002e+00
  -1.2260848e+00
   1.1477025e+00
  -1.0929639e+00
  -3.2667699e-01
   1.8679460e+00
  -2.4589641e+00
   1.6658775e+00
  -1.9370999e+00
   1.5419551e+00
  -2.7832717e+00
   2.6327769e+00
  -2.1945595e+00
   1.6581454e+00
  -6.5685438e-02
   1.2049682e+00
   1.0966018e+00
   1.1276629e+00
  -7.8201529e-01
   4.7345441e-01
   7.7586390e-01
  -6.6302789e-01
   4.8909795e-01
  -8.9242531e-01
   1.0102763e+00
   3.0239707e-01
  -4.5704074e-01
  -1.8262089e-01
   9.0792975e-01
   1.2014508e+00
   6.2406210e-01
  -1.3244576e+00
   7.8103882e-01
  -4.7334242e-01
   5.4381925e-01
  -9.4285577e-01
  -1.1212356e+00
   1.4847022e+00
  -1.7148181e-02
   1.1772687e+00
  -9.7156993e-01
  -4.7553998e-01
   5.2983803e-01
  -1.2688514e+00
   5.5363427e-01
   5.9221773e-01
   8.3152127e-01
  -5.6721274e-01
   8.9929387e-01
  -1.2826237e+00
   1.2689731e-01
  -6.4633661e-01
  -9.2572234e-01
   2.1573019e+00
  -8.5250681e-01
   3.1108009e-01
  -4.1828445e-01
   1.2629395e+00
  -9.3072465e-01
   6.1438922e-01
   1.9137932e-01
   1.5651607e+00
   1.4359068e-01
   5.3354504e-01
   3.0683484e-01
   2.9865966e-02
  -3.7116561e-01
  -4.6391870e-01
  -6.6457628e-01
  -6.5391628e-01
   1.3846002e-01
  -1.8538095e+00
   8.4040779e-01
  -2.4895703e+00
   1.2285208e+00
  -2.2813971e+00
   1.6550831e+00
  -5.3881230e-01
  -9.1402601e-01
  -4.5327459e-01
  -7.9657399e-01
  -1.9839733e-01
  -3.3359691e-01
  -8.2175203e-01
   5.4517605e-02
   7.1947721e-01
  -1.9934404e-01
  -1.8354486e-01
   3.3739845e-01
   3.2013822e-01
  -1.8354800e+00
   8.3893318e-01
   1.0166014e+00
  -1.9926342e-01
   5.7939688e-01
   1.2268135e+00
  -1.6445142e+00
   2.0433602e+00
  -1.8223529e+00
   1.7721985e+00
  -8.3014603e-01
   7.3901829e-01
  -1.2545594e+00
   1.4910023e+00
  -1.2449302e+00
   1.1784601e+00
  -3.6624903e-01
   1.4379607e+00
  -1.0770817e+00
  -3.3268463e-03
   1.0467064e-01
   1.2572480e+00
  -1.2172126e+00
   1.4852193e+00
   3.0653028e-01
   2.1948192e-01
   3.1278251e-01
  -2.0082824e-01
  -7.3050219e-01
  -4.9587777e-01
  -1.2019517e+00
   2.8409514e-01
   1.3002371e+00
  -3.3117823e-01
   2.1837277e+00
  -2.0892286e+00
   1.2002501e+00
   5.0740938e-01
  -1.2525877e+00
  -5.2525497e-01
   1.8834687e+00
  -1.1474798e-01
   8.5762337e-01
  -3.9957766e-01
   1.5726491e+00
  -2.5612931e-01
   1.3519237e+00
   6.8338500e-01
   1.3497335e+00
  -2.3024710e-01
  -8.2929780e-01
   1.7158922e+00
  -2.1082640e+00
  -9.2434739e-01
   2.0991104e-01
  -2.3327351e-01
  -4.0883714e-01
   2.8361161e-01
   1.1207948e+00
  -1.3043769e-01
   1.1394384e-01
   8.5932947e-03
  -1.6290979e+00
  -6.7180411e-01
  -1.2220008e+00
  -7.3482944e-01
   2.2082958e+00
  -7.5366224e-01
   2.0275391e+00
  -1.5291673e+00
   6.4100350e-01
   1.7814499e-02
   5.9283675e-01
  -7.1524647e-01
  -1.2572535e+00
   2.5024811e+00
   3.9197011e-01
  -5.1559740e-01
   1.6232340e+00
  -1.2610256e+00
   4.9813411e-01
  -1.6657054e+00
   5.2489879e-01
  -5.9585400e-01
  -9.7943420e-01
   4.2569465e-01
  -2.0430405e+00
   9.7762705e-01
  -2.0588747e+00
   2.5778416e+00
  -2.6091291e+00
   1.8526290e+00
  -1.2815509e+00
   9.8887938e-01
  -1.4562069e+00
  -7.4112294e-01
  -4.6037770e-01
   1.1488528e+00
  -2.9371758e-01
  -6.6786821e-01
   1.2015387e+00
  -9.3938764e-01
   1.5699604e+00
  -9.1504818e-01
  -1.3914567e+00
  -6.4514484e-01
   1.5020236e+00
  -1.1346748e+00
